 62
 69
 55
--------------------------------
                             186
 44
 77
 18
--------------------------------
                             139
 40
 43
 83
--------------------------------
                             166
 78
 12
100
--------------------------------
                             190
 37
 10
 85
--------------------------------
                             132
 50
  5
 67
--------------------------------
                             122
 78
  9
 34
--------------------------------
                             121
 57
 47
 53
--------------------------------
                             157
 14
 57
  5
--------------------------------
                              76
 92
 85
 62
--------------------------------
                             239
